5.0
0.0
-4.0
5.0
-2.0
4.0
-2.0
-2.0
-5.0
0.0
0.0
-2.0
4.0
-3.0
-5.0
-5.0
-4.0
2.109212241441794
-1.999999999999968
-0.8217458669604341
-4.086666229671928
-5.548642074153949
-4.399545473686134
-2.37276991721236
-5.087431872001681
4.9739253303382895
-4.0
2.0
-3.0
-1.0
-5.0
-0.6301951188320774
0.8288682284449984
0.6072512345743106
-4.117029048255671
1.2116575264529872
1.9620906004885685
-1.5241654318583748
2.7466787663181416
-1.8972720818338953
-5.0
0.0
-5.0
2.143210266969586
-3.077494392878048
-2.4235229429249707
3.1325209921363784
4.495427794079974
-3.8483110450189653
3.4561521540167357
4.932117116026971
5.1281520569395305
0.5678340744227737
1.5380272328382203
1.0
-1.0
2.143210266969586
0.14321026696952022
1.7223503316085438
-2.103297318454943
2.09291862847736
4.0539797806688
2.897345830223553
2.907102245681523
-3.965680901601948
-3.5119548641582625
2.704178559186666
1.5380272328378837
-1.0
-4.0
2.0
-4.002566171286393
-0.31798536335379257
-2.8027241086162524
-3.397664215870572
4.051421135088456
-2.3582491851742873
2.406824873435417
-2.074346697212292
-0.8221862809915053
-1.5049323553959004
-2.46196575787248
5.0
-5.0
1.0
-3.9913011747782194
-3.7620448290859017
0.385645463472432
4.5302762809131085
6.648734361633939
0.6835141316606763
2.7555827179820676
-2.3660209714032576
2.176881526192399
-3.156843014504809
4.625051798884886
-4.0
5.0
-5.0
3.970734820095461
-1.4860291593316721
-1.4108513949300683
2.4794067361432637
5.9219673079911255
6.3914884845164455
2.263315967543105
4.133288275363199
2.619434733283076
4.526285139110525
4.850660276926291
-0.9999929907110912
0.0
-1.0
-1.0266990086179213
5.123613949028668
0.3548510283908942
4.6340899000246285
-2.1290111023738643
-1.368302867271085
4.216500271004508
-0.3289182267201036
-0.9492550094070602
0.34390036663608725
0.5876317518874963
4.0
5.0
-3.0
-4.988735003491686
4.830936357707664
-1.0300593187109266
-2.90145766527869
-1.0635517247517878
-6.668495170912676
0.41182822143924414
1.3927441854576457
-5.025947661684029
-2.9887619648670873
2.2020729165570594
-0.25888783493820094
0.0
-1.0
-2.9887350034918283
3.011264515683477
-1.6045394073317643
-5.576694390137594
-1.361698603659336
-0.13446576114865266
-4.022844614567888
-1.473086602225057
-0.8357038925290436
-0.9778761093195404
2.605528633886673
-2.3019693005343043
-1.0
0.0
-4.0
-4.08571195439754
-0.48249144414561757
-2.7010803831019192
3.158715595490231
3.196543473001236
0.9275426533765168
4.915621033317702
-1.7994058208389063
-1.241091023536645
4.659248341859018
-3.0
-3.0
5.0
-3.0
3.7637638647198424
-1.236236135275342
-2.711290197338146
2.4542409136120433
2.0199331600332076
1.0297136114373573
5.551288495831502
-1.808406479714494
3.000000000056173
-4.0
0.0
4.0
2.0
-5.0
0.9258738890232697
1.056028464264449
5.97171722900168
-4.932117926304452
-4.889161864504501
0.06788204914194496
2.1210658263176265
5.0
5.0
4.0
-3.0
-3.0
5.018542114556196
-5.0
5.0
-4.0
5.0
-2.0
2.0
5.0
1.0209885708184605
-1.9790114291815395
-2.9790114291844363
0.020988570817086605
-3.0
4.0
-1.0
-2.0
3.0
-2.9790114291844363
-2.9790114291844363
-3.986576837587137
0.10125571588824483
-4.891188110864486
3.1088144994183784
0.9999933751226033
2.9564537942376647
1.9564515718185693
3.0
-4.0
-3.0
-5.0
-1.0
-4.0
2.0004267599584304
0.8615002939131295
3.5979826534241126
-3.5515211984916197
4.504219998265137
-0.4626868888499717
-1.0548240123054393
4.060711914237285
1.0
3.0
4.0
2.0
-4.0
-2.89545275055271
4.05003752774722
2.7093607518419622
0.2453698151667198
2.841643229925815
0.9651929352046085
-4.155798702499103
-1.7554206242645387
-4.65010323198433
-2.8312893131584467
3.0
1.0
-4.0
4.0
-2.89545275055271
4.038570269305241
-1.7127820041191053
2.323818731777154
1.0227763782930266
4.153007870370624
4.548538653446357
1.2399791360497314
0.31111294891787034
5.09016548210051
0.0
-4.0
1.0
3.0808781324609655
-4.902407171579497
3.2681134855216007
0.27824709395867686
5.045294648441215
-1.5141829694826758
-2.3994238095005986
4.151580608964383
2.411921288044663
5.295020130135454
-1.8155825449829237
1.0
-4.0
2.0
0.0
5.1532673238226385
2.9340363179267706
-1.1755432382599553
-3.6761012769162758
1.0038724144590505
4.328683815872686
-5.813287682393095
-5.394233459535725
-0.8182549462160749
5.194279287006997
-1.999999999086827
-2.0
-2.0
-3.0
-4.8461859810789445
5.074278218295673
-3.826090570612652
4.1155145151958274
-2.707793527422612
5.7831010162509005
4.4545437082294566
-5.22643903372959
-1.717209902986978
-2.9496258124205044
1.9999933760371715
-1.0
-3.0
-1.0
2.185718840760342
-1.7926665709242884
-4.603482026233785
2.985264696933818
2.1230782164485484
1.4768198905179095
2.8951857144038535
3.5393723456976374
-2.4859334257279926
-4.01305203830478
0.0
5.0
4.0
-4.0
1.0878325534775475
1.8400377383421107
4.124620181927437
-0.01009360498908396
4.161082820679006
-1.4888513897228504
-2.477463897037979
2.643634861217027
-5.271400654456626
1.1006861843570572
2.0
-1.0
5.0
4.0
4.087832553483292
2.1039125789731283
1.2524764501069607
-3.3114124871371997
2.596264577433389
-4.801172385567992
2.569597683223431
3.660952864860623
3.1919889594159065
1.148669056782146
0.1486690567811783
-2.0
-4.0
-4.0
2.0
4.948850608510256
1.8469138933419842
2.5916217831377777
2.881192544086169
-1.877038859712588
4.044449763616655
2.951564732792694
-1.0000000000004272
4.0
-5.0
-3.0
-4.0
-2.0
4.0
3.0
4.094741302004051
-3.8174261445213147
-3.422128551284891
-3.4489208272238567
0.07320351260322816
-3.905258698821991
5.094741301172714
1.094741301180174
-2.905258698821991
1.0
-5.0
4.0
-3.0
1.0
-2.999999999999466
-2.999999999999466
-2.999999999999466
-3.0
2.0
5.0
-5.0
-2.0
0.0
0.0
0.03148381796012195
0.0
-5.0
2.0
-2.0
-5.0
1.0
4.0
-3.0716088098293444
3.928391190170534
-0.07160880982924789
3.928391190170534
4.0
4.0
3.0
0.0
-5.0
2.9283911901706556
-5.278666509360663
0.8112090521377031
-4.931131024543449
-2.935716178007295
-0.9356886237478701
-1.3357809780018872
2.797336297315871
-4.085511924100347
4.0
1.0
3.0
4.0
4.073317327516586
0.07331732751678177
2.3599279613185122
-0.4246467408548627
-4.697735582968466
4.306912780706571
-3.3142924775901186
-2.3582427309697604
3.7490843264143257
-3.216620601069992
-4.00000065739837
5.0
4.0
4.0
1.0733173275168555
3.7356650879720434
-1.3535308915978745
2.152465077456463
1.3797227013837343
1.986251344280435
-0.9264988902330646
0.8738713456760341
-4.642248301402782
2.0383941436806507
-0.09645597615105783
3.0
-1.0
2.0
4.0
1.7461278394383153
-5.577033311537032
2.497358873415999
2.0700517327281203
-4.234968952844704
-0.5405502966197959
-0.7375299948933582
-1.0512348693595706
-3.549553883492784
-2.8834690220041015
-4.999999999940531
-2.0
2.0
-4.254404602518266
1.8432571420996284
5.916734869500714
4.433801554064468
6.219709534320176
5.587545006605727
3.9095876784444026
-0.013545081362842437
5.255294249089372
-1.319309910396738
0.9238319973395228
-2.9999999999405
2.0
-5.0
2.867519825564963
0.01264744436725046
-0.011293335234754842
2.830075761268929
5.779602379614969
-2.4519760133744803
-0.8393077273994438
-2.824968118583424
-3.1113389985417195
-5.259003667059999
1.0274275647901927
-2.9999999999405
-4.0
1.0
-5.132480174419722
-4.723384327145133
-6.212733041535045
4.182628289175429
4.028782047815512
0.2049382854115528
-3.126564616818608
-3.080915050998472
-3.3163314231337746
1.563811630325358
3.8910634719026143
1.0
5.0
0.0
1.0
-2.4023391020799147
0.4654824959862772
-0.24283151382658935
3.1063614211741273
-8.019237742281438
-3.289646471721513
1.8189491293814126
4.794757096179172
4.346386304817191
5.361980459220833
2.0000465537633154
5.0
1.0
4.0
1.06277079475819
4.946700983562979
-4.328817336095705
-1.830159445674728
1.0211009408419653
4.143911451451042
1.4932577575199455
0.7316816622531424
1.6153149717432376
5.449192025703971
-0.9999534462366118
-2.0
-4.0
1.0
3.453349281795181
3.6975503500061757
7.333501609770422
-2.7923362408404113
1.6004041135769373
-3.9449480483710713
0.011506429444327837
5.778518840194096
-0.5378364338291983
5.166351267936301
2.0
-1.0
0.0
-4.0
-1.2832615213528415
3.7892773454479705
2.89671217350364
4.087745363836971
-0.7497674714691431
-4.391757241025321
4.369818303093854
-3.062675401033459
1.378544264979411
4.084414902798322
-1.0
-4.0
1.0
-2.0
-4.548567436797729
-2.192398779565209
-1.0842588238120556
0.9353289628261923
-3.2578250943404816
-4.091196899055054
2.68919913657884
-4.484911543959395
-1.908876564459498
-4.0
-5.0
3.0
-3.0
3.0
1.0
0.2576639082684452
1.2576639082687495
-0.616526788912122
2.15381059138688
0.34878734380884124
-0.40958852694719566
0.9999999999852336
0.0
-1.0
2.0
3.0
-3.9235018192641964
5.0
-3.0
-1.0
-2.0
0.0
2.0
0.0
1.9999999999794564
2.9999999999794564
-3.0000000000205436
-5.000000000020544
-1.0
3.0
-2.0
-5.0
0.0
-5.000000000020544
-2.822888458980929
2.082906799203714
-1.920314170714441
4.7921421686826635
-5.051263299717205
-5.054153774503616
-2.0461671225908495
-0.02359772579300018
3.9764062612899265
-2.0
-2.0
0.0
4.0
0.811979806748871
-0.26437334870904433
-2.74275804622846
-1.6324094091705135
-4.172602257593236
4.356985413619581
-1.2801060571106913
0.6602311437869308
-2.547114352942759
4.618515619690541
-1.0
-1.0
5.0
-2.9999999998674496
1.0561052692658015
-0.4112109225740817
-4.000800193084834
-1.2386391758534054
-4.160548788980369
-2.9050092014670725
-7.02831653714443
-2.294007771279156
-0.3708239512139374
-5.422508638590501
-1.9823921360568209
-4.0
2.0000000001325238
-3.8523635403908685e-07
-2.9638339860734377
-4.311319012898278
3.328627370798557
4.557839397399608
-4.881758748804291
3.4272894531374183
-6.326399916406017
3.996795105235811
-3.4476293158482965
0.10208706556039782
0.9138564344373565
-1.0
-3.0
3.9879876327131507
-2.4976660782441744
-2.1960528172656897
-2.1557592851547387
-3.1547594686676477
4.715265615344415
-3.9281959243166753
-4.308110052620505
-1.188236823302371
3.6768892777098614
-1.624027751027004
-2.086143565560156
2.0
-3.0
-4.0
-4.252310217633692
-3.4779310398925847
-1.8570578917107352
-3.3543677607855455
1.8991379987956263
4.617861554830785
-2.611390031564413
4.076433972765662
4.143008541936234
0.9789702979055648
-2.086143565312881
2.0
-2.0
1.1701113759584794
2.0423195217730132
-0.31533834289326457
4.616879768437502
-1.1270280733179954
2.176051019608267
5.45211453826292
7.474247722505315
2.2977280625833223
2.7295217944067796
0.8897169532070088
0.005284567910258775
0.0
3.0
-1.8298886240415206
-2.782191796876686
-5.7185730658580995
0.9234341521015439
-4.484364947760554
-2.7918054946111206
-0.4789886235838005
3.990992086210199
0.17470440352043987
-0.4495620799713709
-0.9555678062102315
2.16573443059198
-3.0
-4.0
-5.0
2.791020608329745
2.0029993174610943
-1.123659716503626
0.9928467666281096
-0.16379691706007687
-0.2372821490721897
4.426630056972977
1.6574657547247171
2.234218202906318
-1.048789751507965
0.16573443059467063
0.0
1.0
-4.0
-1.9633966243432854
-0.47810513346396827
0.904097021608796
3.8345941232937535
3.3367427125334874
0.1405531195754266
-0.6372998137794132
-3.152441752512194
5.5026518480930875
4.165715985810585
-5.000000000245399
-2.0
5.0
4.0
3.071327966231651
2.529648001558412
5.077904482019329
-5.273846911279627
1.9489476608258487
1.8174020616235262
0.45740405407966556
1.7046983048251692
-1.7733909934396404
3.5022876354673684
-1.0
4.0
1.0
-1.0
-5.0
4.060248487553024
0.8787112639945278
3.498456658546774
-2.11980696797416
-6.182431552206526
-3.998614463634571
0.7802925504825562
-2.999999964812922
2.000000035187078
3.000000035187078
5.0
-1.0
-1.0
-5.0
-1.0
1.9994666343935288
5.165703463976605
1.4754090030002425
-2.00001844477914
4.0
2.0
-4.0
4.0
-4.0
-1.0
-4.9414803802878495
5.0
-1.0
-4.0
-3.0
0.0
-2.0
-3.0
4.0
-5.0
0.0
-5.0
4.0
1.0
-2.0
-3.0
-1.0
-4.0
2.909651915363331
-0.2674087779094589
-3.113909792860436
4.208884160065189
3.469523198473102
3.417775818579572
2.8049185911336867
4.366303289434506
2.0
-3.0
-5.0
5.0
2.999997664897564
3.999997664897564
0.08736151774562356
-4.177210563172122
5.42542297420805
-3.106245334507671
6.431955418418985
1.1260342330706472
2.0065367231355005
4.053257398883363
-1.2651516658332427
0.0
5.0
2.0
-2.3351025287832172e-06
-0.9669103272911872
-2.984076218008345
2.6030374534840197
6.398848250631881
-1.1440655083865656
4.651173378937246
2.2090037675041216
2.775939787550643
4.481222943134243
4.108102890930411
-4.682596986589521
3.0
-2.0
1.8761905173914073e-07
-2.6142484520989306
2.34350695187013
1.8118732485252615
-3.374427676371744
-0.22251580568069984
-3.4928885887731482
-3.2367963358292866
2.4156285791394527
-2.78568375180238
2.0209591281210972
1.0700517903287383
2.0
-1.0
-1.8582848429880818
-2.533509657219098
-7.980949401785802
4.207341256243978
-4.020489500866384
3.7471964301166296
0.7513847287066548
3.9268535120634045
3.6933187584683154
0.7517814143893815
-0.636501698001039
5.070051790336539
-5.0
2.0
1.1147807192226056
2.539744443695626
-5.368221116902503
-3.4642323153913996
-2.0287568722396836
0.46302298150065757
0.8530836204738237
-1.403764966031912
-3.905147225475274
-5.486334676855181
3.3459261999770877
4.768765988930106
-1.0
-5.0
3.99978393838305
-4.421017013364257
1.9129205400531961
1.0434007654177901
0.8834819936353508
4.5787011000753255
-3.9187289215179364
-1.8697782930721925
-3.378848496839901
0.913731625127824
-5.215521399833047
-1.4543607682772202
5.0
-4.0
2.99978393838305
-1.8035565418645854
-2.5444727909311107
-4.295650502459363
-5.115164400655135
4.5879786858754406
2.8439540632155937
3.616953266174739
5.223499381197034
3.3983354011941733
-0.7447938783395918
-3.8811277843717926
3.0
-2.0
-0.00021606161693765724
-0.6206441639411702
-6.748912673269938
1.6741431063510575
-4.581785323503506
-4.602228959349701
0.948911739296169
3.398372686601056
3.8072290231268613
-4.79203783031598
4.121087849111968
-1.838238641793454
-3.0
-3.0
-0.00021606161693765724
-5.448752314664346
2.8740136133759875
-6.73814863941749
-4.626954267355409
0.5523588184026971
-2.8565376710159853
-5.848776654975541
0.828754440884345
-2.2466727481709965
0.7689999505085736
-3.009274814777511
0.0
1.0
-2.0
2.861799727791847
1.4896193970432323
4.529078176716687
-3.5882035384088407
0.8205607840845377
-1.7700000197359211
-5.215645109559404
-1.9018908519561293
-0.006530771678016856
-2.009816332361982
5.0
0.0
5.0
5.0
2.000000082963769
-0.9198341422011163
-3.1196835398419545
2.092286563075878
2.2780964875492904
-4.980822101152575
-1.9111293796911202
-1.7697786411013423
0.0
1.0
0.0
-1.0
4.0
-3.0
-0.9999999170362308
-2.0
-4.0
4.194783252417975
-0.8052448029303574
-5.0
-3.090345736996013
-5.0
0.0
3.0
5.0
0.0
3.135356543164735
5.0
1.0
-4.0
-2.0
1.0
0.0
2.0
-1.0
-4.0
2.0
-5.0
3.0
-5.0
-1.0
3.0
-2.0
5.0
0.869310384865432
2.855409649771173
1.9727544219924238
-5.410392609409762
-2.5946609994863823
5.012174688931735
-2.7360146733301187
3.999999999919406
-5.0
-4.0
-3.0
-4.0
3.0022813514167663
4.002281351415418
-0.13770803724850772
3.052596867520727
-5.03123316649004
-0.8314656691788886
5.512023709830155
5.306609626028407
2.8635381831799296
-4.897409636942714
0.9352271813067481
1.0
-4.0
4.0
-0.0657893191343013
3.941547552071073
-1.046987575295033
-4.0952066336201165
0.2348596254712752
3.423290448609793
-2.783348714842239
-4.910129472200888
-2.986235022376188
1.592434637736829
1.8203689932528864
-2.2046033753944987
-1.0
-2.068070670552025
2.7566323616262642
1.012511813197443
1.3663637094711119
-5.125942322348593
0.27284914148382255
2.21967156339221
-4.370550251422241
2.0773620014418555
0.4958311829924799
-1.2848978926246377
5.237042295908717
-3.0
-1.0
5.0
3.0000000002848024
-2.090635577065815
-2.1799179884117867
1.637922508548483
5.335567518281398
0.36591406408402255
3.5301218583719205
3.580828592771019
-1.6748900272325198
-0.5746406939256894
0.567691884779808
-4.0
-1.0
0.0
4.000000000284516
3.894548374842125
-0.1094170984243304
4.909216700807566
2.0590722542465074
3.967332716478707
-3.940556199039502
1.1175418887980206
3.500695128747901
-0.25615053209895056
0.46783659023633917
5.0
2.0
0.0
-2.0106183647051634
-2.0617620614518595
-0.9907067403581535
-0.02243516707413573
-1.5195710452117939
-4.497133216952951
-4.379868550711584
-3.6998768840487086
0.1759468345059677
2.729715733305172
-4.408696993091441
4.0
-1.0
1.0
-3.0106183647051634
-4.024995349483148
-2.2748944847409724
-4.286274588379604
-2.0028328738363803
-4.142251142698782
2.5066713808233487
-0.9745238857311236
-5.463322610436656
5.174862769138284
4.613060718695768
1.9820667453682417
-1.0
4.0
4.0
-3.0249953494828214
-0.2728557248036509
-1.9188969056176814
2.6281592999165437
1.565905311410786
-3.248431737238455
-0.27216283382908396
0.981557275418169
1.6540443810032524
0.17800812242134006
-2.0158744506765807
2.0
2.0
0.0
3.2123509805484503
0.8566492213019161
-1.5840607944766085
0.862035545573637
-0.4668301677343296
-6.38516571338074
-5.6427497639405875
3.575051144817814
1.9711375589366917
0.818202325139048
5.0
1.0
0.0
5.0
-1.0766592238419839
3.029212477441899
-0.9538669113499318
2.5535884243149334
-3.5879134281420377
3.086479361782434
3.3164402984356416
1.6851871142691617
-5.0236216788108585
4.986857221619033
-1.0
2.0
3.0
5.0
-5.023272565386549
0.9413982317697303
4.7949841011083585
3.9414617535719323
0.980318438724004
0.1140470927875788
2.8109145296374822
2.095084201013456
5.071692784378191
2.0716927843865784
-3.9283072156133336
-5.0
5.0
2.0
-4.0392096220538605
1.0159370624697441
-2.984062937530251
3.0181915525120666
0.01819155251210436
0.018191552515122833
-4.130716476506689
-2.0
5.0
2.0
-1.0
3.0
0.057041663285233635
1.0
-4.0
0.0
-3.0
5.0
-4.0
-2.0
-0.999997774920194
4.000002225069666
-2.9999977749127056
3.0000022250872944
1.0
1.0
4.0
-4.0
2.0
2.2250809270096816e-06
5.000002225078273
-3.7513215480989714
4.914709728235073
-4.9308260105873725
-3.802796849603241
5.478571008621425
-0.6615980070051898
-3.0322259922499417
0.0
-1.0
4.0
3.0
2.0
1.0784692715537503e-06
-4.424414434853489
-3.3986142896768747
4.6454727577287835
-2.7382750971836494
-1.5332569598921655
1.204603652348701
-2.563830825097444
1.6874505826100483
-2.755099010818805
-4.0
-1.0
2.0
1.0
5.028576114809014
2.3307918186240597
-0.9247374846481393
-1.2195270228285797
2.679819515892027
-1.2067886661887213
2.7982679648350333
4.972557245096691
-2.5290582194341655
3.328985503457864
3.0304488777915597
1.0
-4.0
-3.0
-5.003507036966219
-4.315212882591244
2.2062832615345394
0.5251523810976517
-2.6971748867066885
-4.535565883747338
-3.996161680614729
4.6640491221970235
-5.165748004611459
5.5253241383846685
4.167527268051735
-4.0
-3.0
-0.07075188955306233
-4.026812456328157
-2.2390000079863377
2.054831798849984
2.5044114473140886
-2.4505675397328743
4.500037295410792
4.160884470154785
-2.8824424949025484
-4.096652368497455
2.2373230977891243
-2.832472731953667
2.0
4.0
-1.0
0.16403744623880678
-4.8134220521306865
-0.39139336639486216
-5.072986455830163
-1.7010794966928797
1.175102131727042
-5.245404777861861
4.814941577510041
-4.709511241418214
-3.2987077164968013
-3.832463593794702
-4.0
4.0
-4.0
1.1640374480825595
-0.23684193997768982
3.786143320621451
-4.507935855796197
0.5533260708523411
3.8493074086075847
2.257560982733607
-1.3101588183187318
5.7795000603127
4.64180081292551
-4.872932582815585
3.0
2.0
3.0
5.159306604733478
1.8663845838304516
6.043335314969979
4.168684631902777
-5.258652305860786
-1.8713384561131894
1.3166374946223172
-5.132174935325399
0.495267683346815
-2.512655215254711
3.206754104781074
-4.0
-4.0
-4.0
2.025821424198225
1.3489876333716535
-1.3472635976802816
-5.044150150963059
-1.7038970786848027
-3.275061467857943
4.119840815398701
-0.13274581826510723
-2.433646388299725
0.10627326808306198
0.2067541047870789
-5.0
1.0
-3.0
0.894911875384359
-2.7610806669166474
4.191732822092917
-2.114515519119376
2.3202808497779452
-1.6943670251436043
0.7607795082803512
-0.25874290885513884
-4.038361563906867
-3.1343624022086165
2.999990861839796
-1.0
5.0
5.0
-2.0699084049230074
0.06903387604179567
-0.09514179644250581
-0.6493968666367813
4.628480934552646
5.636496533743382
-2.5556932721660695
-0.14167374545962286
2.1547646235178473
3.9999908603447003
1.0
2.0
-1.0
-5.0
2.0
2.9823942858856634
0.053419816095602535
3.812053301940889
3.391904942254489
-4.403279140509806
5.153886895275446
-1.000009137759783
2.0
0.0
2.0
-4.0
-4.0
-5.0
-5.0
3.0
0.9999999999998195
2.0643040347433974
-2.614727772734925
-2.0
3.000000000407436
5.000000000398622
1.0
4.0
-1.0
3.0
-2.951588738157829
-4.0
-5.0
0.0
4.0
0.0
3.0
-2.0
-4.0
5.0
2.0
-3.0
1.0
4.0
-1.0
5.0
5.0
-4.0
-4.0
-2.0306432203461546
-3.9215290337965545
-5.0724772963508
1.7104906317424156
-4.129461932063006
-4.465158616071738
-4.40635266650951
5.0
-2.0
-4.0
-4.0
2.0
1.999999700270964
4.208513759207983
-5.51791416574212
-3.1045161309627964
-6.350014961710131
0.6008401506668597
2.5212212278162
0.14229533373058584
0.6567481140067548
2.2640995486736957
2.0
-5.0
5.0
-1.8638657934826424
4.280803847049634
4.021883987562013
-0.93427403724529
-3.548228859648546
4.504168863197525
5.6926382970532785
0.9622539429716246
2.090102363516215
3.609861222676114
4.076619226000102
5.0
-3.0
4.1361342065128754
-4.8030421254457965
2.4155264409250803
-4.900235121538262
-0.013348258575494543
5.326485277690652
0.6892634911440816
1.4810723507024792
5.603672394631695
4.429174442390312
0.2098575247246786
-0.659445618434817
1.0768909764359296
-5.0
-2.0
1.999996420141498
1.3743404154680654
3.965342780612505
-4.82073589589002
-0.648830189251173
4.292138575827155
1.1103004769237197
4.984065101373487
1.2526585881499406
-4.710464776084019
-0.8125813374975808
4.076890976435802
1.0
3.0
-2.000003579858502
-3.4950502173356317
-0.4449431789288049
1.5709973150404903
-4.875172994654379
-5.114295756381403
3.1658730181401786
-4.405699719432338
-6.15137676624243
-1.9627745949309578
-1.1245678155142733
-3.9999757260192914
-4.0
-2.0
-4.945855029760133
0.5382204748005222
1.496599424943533
0.971608872696095
-0.7922052330646134
2.0752488163771554
-4.037955765243356
-1.9749963174320735
-2.4550011584044475
-3.5955354178403613
-4.153574989895704
-0.9999778059458089
-5.0
5.0
3.0541449702427332
1.7311049319971406
0.5999795651173412
1.0587233106015734
-2.1127594356402386
-5.600220895487176
-5.088218116502881
1.5737044473082133
-5.095242125967175
-5.612547032513626
-3.0344018223606306
1.0768909764359296
-3.0
-5.0
-2.0
4.385148522714035
-3.0969490851537085
2.3610443462397437
-1.0763315269819431
-0.32435683348325517
-0.25349684425442887
-5.582243366737189
3.428748009632022
3.570964041423394
0.1036977602042628
-1.923109023564296
-4.0
5.0
-3.0
0.20783470015262162
-0.7063625554992303
3.996864891277985
2.9237413168734703
1.7052924869507202
2.6148836986198862
3.6158190807380906
1.6794123565727221
-4.462034569418288
-3.764359824641519
-0.9231090235643341
1.0
-1.0
4.0
5.349623419464219
3.086269429161388
-1.2235003314542836
-0.4525542548275442
1.1884639584984467
-4.792722807064277
1.1583182643784484
2.8911941237401533
-2.9983008257457158
3.1352324221744197
-5.0
3.0
-4.0
2.0
-4.036863003251277
2.466795607363159
-1.300653015427537
0.3119871222483352
1.1554013365289588
0.6708604602673713
1.1416230223446164
-2.947830734648838
0.0
-1.0
5.0
5.0
4.0
1.0
5.000000025620289
1.0
2.158476296357758
1.3711338193680818
-0.503870585848804
-2.0
1.9771301802062338
2.999997664184694
5.0
5.0
-1.0
-5.0
1.1323391742430946
-3.0
-5.0
-4.0
0.0
-5.0
1.0
2.0
-5.0
-2.0
-5.0
4.0
-2.0
3.0
4.0
3.0
5.0
1.0
-3.641820964506217
3.312675552695224
4.9584142884654225
-3.1213596927384994
4.880561618646205
1.9708772919020712
4.952188904114145
2.6588591564193367
3.0
0.0
5.0
5.0
-1.0
-0.9999971727959623
-3.8789294976172664
2.0051948401502315
-0.09415263279395908
-2.799033221253156
-0.40242660952941284
5.582584369601132
-2.6311759340000673
-3.007054789027873
-4.438300358929071
-1.0
-4.0
-1.0
-2.405985116290274
-1.3551553043319409
2.1876864385518084
-3.309969276705867
2.1329004268745204
1.0800478476637276
1.74394665535815
-5.955256098037358
0.12938909788923658
4.5622369163700665
-2.9222347164948204
4.999999999830911
5.0
-4.405985116270868
-1.4172195892282802
-2.0899343959985046
0.8858219238012208
3.6349943938611693
-2.5946984293586444
1.6654996915360583
-0.2249399235135302
-4.514475482374377
1.173998283255771
-4.862198257155723
-4.196370019325767
3.9575546395881034
3.0
-1.0
-1.9558865090675548
4.653049113073193
5.327485427656274
-3.691426533250939
-4.212131936135761
3.4693950405398795
4.832224226766259
1.021851490850854
5.27454581524123
2.981501762806186
2.9886310299866237
3.9575546395881034
1.0
2.0
-4.07820490718538
1.2521622836346489
3.7648103179317363
3.7980673116223778
2.854747743572212
-4.866397138744647
0.9945444514253023
4.104659481280684
-4.699830154814355
0.6158402022035017
2.5612965516390154
-2.027924183796498
-2.0
4.0
1.9217950928144596
0.8448967577668043
-6.505476948594199
2.1987962734569204
-4.01300186601908
5.386113457194928
5.743775809802255
-2.9612431862249364
-2.5288475067295573
-1.289827633861114
-4.569262944893337
-2.000002027025866
2.0
0.0
2.9217950928138317
-1.625028270016765
-2.2069005730315703
5.135449709383646
4.497642304490845
4.243967167124266
1.5241974388602277
-3.2291958344427165
0.29878516840196423
-2.8752256529654865
-2.597345056301867
-2.0612485887436582
1.0
2.0
-4.07820490718538
-1.4077512838235957
-5.4623544028862225
4.457151653122301
1.974358887955591
3.0755210623168567
0.4756170969589759
-2.4989964254156325
-6.057701566468434
-0.9012746625625465
5.778579301877028
-1.061248588742878
0.0
1.0
3.9217950928138317
3.510065228594531
-3.441290365701499
4.688521424207806
-4.0083832363883545
1.3132758180490982
-4.6016454047245094
-1.7502825680974934
2.6600520636905394
2.7398705086188113
-4.972704812271373
3.9854767999938487
-2.0
4.0
-4.0
2.7349469128787023
0.4828615243692576
3.3862433679908532
-4.497305815447794
-2.842933674741834
-1.3012929329431442
1.9167888876992993
-0.691125767003407
-1.5905718587942674
-3.0134295313556434
-4.0
-1.0
4.0
4.0
-2.999984947328696
-3.221511056286565
-2.124162577817029
1.9837556540712586
-0.11570640205696514
2.2925776333014465
1.4639067955883536
-3.912705078723821
-1.999956813374148
5.00004318662551
1.000043186625852
4.0
5.0
-4.0
4.0
-2.0
9.326341736481947e-05
-4.8995743900092386
-3.559948142591086
1.9792514242289907
3.1025324807178625
-3.0
2.0
-5.0
5.0
1.0
-4.9557237798286025
-5.0
-2.0
5.0
4.0
3.0
0.0
0.0
-3.0
2.0
2.0
-4.0
2.0
-1.0
1.0
-1.0
4.0
-1.0
-3.9999999999628804
4.9478715278657015
-1.9984070164127048
-2.898849825979603
-0.0868138184870802
-5.112575008163018
2.931782872693461
-3.993510772535362
4.0
5.0
1.0
0.0
4.000000000041378
-2.0121474549258545
-5.105538460916428
2.814035661063574
2.7672921607883474
3.387810397049855
0.3400724271993295
1.182464965551906
-0.9326082269749176
-1.6296676986410694
-5.01214745496266
3.0
-1.0
-1.0
-2.9999999999628804
-2.08316956619549
4.736075681210319
-5.160581552278379
-4.8474677367368795
-2.2423601322408473
-2.832909754441586
5.276700939391486
4.383463571726276
-1.3058581180362117
1.1678648036263741
-3.0
0.0
-1.0
3.0
-1.2378497311192973
3.741890678002801
-5.357292219491936
-3.9322937117490784
1.1796278332122339
-1.9292368490630012
0.9271604489836176
1.2373527434387637
1.744473068830494
0.7438397557298471
1.999999999980719
-4.0
1.0
-0.9341034348747947
-2.1939893165347706
1.9349459160752196
-5.378862341817034
-3.4208948313647296
-3.1683398546568022
0.3200998334108919
1.5611179307108438
-3.1149637053540804
-5.5804499748827245
1.9853997869639337
2.999999999965807
-1.0
1.0
2.8990534966391097
-3.3319610450264485
3.1586383827462186
-2.2780066314176297
-4.26217447786315
1.3524436326366887
1.7432756762310624
-1.8915615916627402
2.364231181378121
-0.3669421282362261
-5.06674276239689
-1.0
-4.0
-5.0
-3.820744180201225
1.035163365389757
-5.80156254139323
-3.4982132098852183
-1.823041055926368
-5.201730280793449
-5.798412950761105
-1.0666064840115166
-0.699069966250734
-5.921819466235552
-1.1062390551573318
-2.000000000004167
-1.0
5.0
5.1792558197750385
-2.404680760997051
-2.2644986744210325
-5.9052099456390135
3.4225650457161945
4.676675045554309
2.6942061651800477
1.2210486863049557
0.9191827980605596
-4.663437823492716
-1.0113537759445905
-3.000000000036288
-4.0
-5.0
-1.3344880755994382e-13
1.5369916046023802
-4.169011458652531
2.836759951705303
-1.1365489116062575
0.7470806759497552
5.307405999268673
4.17468389134288
4.691505884732989
1.7393869979011103
4.949206471333478
0.9999999999799223
2.0
5.0
2.9999999999998934
-5.355423874232944
0.7299258357075487
3.7278850990441934
-3.301602324536562
-4.184080109736799
4.924378863123955
4.045510202901484
-2.792432763860965
-0.7234346342316245
-0.050337391886459026
3.000000001613584
-3.0
5.0
2.0
-2.948053334101089
1.1695261206749716
1.6729132031964613
-4.481267129568904
0.5782225273175887
2.9149926585003656
3.122146835162807
3.641797256796273
3.949662606513747
1.5574597167500315e-11
-1.0
0.0
3.0
1.0
0.0
-0.0785358033262662
-2.3509765393417625
-3.313896544371866
-0.5142134913501537
-4.4753059313678385
3.428652782863646
0.9530929879403192
-1.9965696185266255
5.003430381460067
5.003430381460067
-3.0
0.0
1.0
0.0
2.0
1.9224795343829908
-0.15073230781643754
1.8492676921806184
-3.150296924116937
0.9267881578002186
0.0
-1.0
-5.0
2.0
-4.0
5.074906061728135
2.0
1.0
5.0
-2.0
2.0
1.0
-4.0
-1.1115292346755208
0.8884707653200723
0.8884707653200723
-5.111529234682027
0.0
-2.0
0.0
5.0
-4.0
-3.111529234680272
-2.040555583247125
2.1340230029982488
1.712640592426962
4.470520997203983
-1.354324094208085
2.0353375297079945
0.9293827259489167
-1.1243983681449423
-3.012387600382564
1.0
-5.0
2.0
0.9999999738521403
1.9999999738530678
-1.633802690839
3.379022977742723
2.095362181897895
3.11020674927161
-2.130426021115252
-2.360915756202548
-3.584474549483797
-1.759252286949138
-4.999999264351548
-1.0
-5.0
-1.0
3.0134844432542502
2.713746444097219
0.7064913622186841
2.8650705531690224
0.020201667879286955
-3.736748661032612
-2.4796397366904133
-3.8420866671461087
-4.995995168935901
-3.5666069844899115
1.0746618113607584
4.0
-2.0
-2.986515530597858
0.013484469401745913
-1.01715445545152
-2.3138985040319966
-2.77714421118967
-0.19727238059369584
-4.462387597813614
4.363917049340691
-2.0225508441155977
-0.49539571954479256
-1.0876490738900284
-4.023688596470411
-3.0
0.0
3.0
4.419789410652474
-1.716462851614882
-4.602545199545578
2.060206121020592
-0.4358460439220973
-0.8499194675429742
-2.7244388983640118
1.242704207282864
-3.070003421078065
-2.5714717360141086
3.696463345450586
3.0
-2.0
-4.0
-5.000000000000066
-2.7173074620854836
-2.447161506617283
-4.5026404948887215
4.76559271396987
5.092296970637886
2.821372488538977
-2.5435419952715517
-3.7919435167984306
-0.8701476980916616
1.5571100066057495
3.0
-3.0
4.0
-5.000000000000066
1.0563541230527644
-2.293665979868825
-3.4592217820985787
-3.762121104636808
2.897031034063966
4.060571257485218
3.7795627056890826
0.6152762394092566
-5.307991151820363
0.6231875562819702
-5.000481533091429
3.0
2.0
-8.260059303211165e-14
4.858966411607717
-3.4992177275618945
-2.4354699588951347
-0.9328692356370196
3.3432771037063143
3.2673634323715395
-0.10795494179901671
2.947378911585169
1.7777623368561484
-0.23303864452176698
-1.962168167250455
-5.0
-1.0
1.9999999999999174
1.1505448615209029
-3.654892801339668
-1.921014665386068
-0.6604599163448804
-0.7326252245182374
-6.965224490004175
0.11734887211645761
0.9836195727641872
-3.616880987640176
3.5796775171835193
0.8842588364820255
-3.0
2.0
-1.0000000000000826
0.4852169683150318
3.4879947225739225
-3.853451574972243
-2.553966201417826
-2.359133361289483
-5.73190926004587
-4.4226205789123325
-0.525413396267935
5.159102997192153
-2.9723928978096845
1.0
-2.0
4.0
-4.0
-0.8526677015191735
0.7021140192237985
4.938123643011251
3.5625799808401393
1.3887959051559546
-0.2809169933079668
4.302810777562541
5.2289693128965276
-0.8986340785722018
-5.316527150334435
-1.0
0.0
4.0
1.0
-4.043475376992666
3.1484225950468514
-1.5380689540135721
-1.1317690154719422
2.858937362292155
0.18812566620172488
-1.1578441562992428
-3.0103158579393887
-3.0
1.0
3.0
5.0
3.0
-4.0
-2.0
4.0
-2.2345819138825904
2.906128417261745
5.036293665510174
2.9896832010665677
1.9867057755046376
-5.0
-2.0
1.0
5.0
-4.0
-4.941808056984484
5.0
-2.0
1.0
1.0
1.0
1.0
4.0
-4.062612340183138
0.9373876598253332
-1.0626123401758747
-5.062612340183138
-4.0
5.0
-5.0
4.0
4.0
-2.0626123401788083
-1.062612340176945
-2.20308514119876
0.9065989144378124
-5.093280312003159
4.906773951888475
1.0008571936890958
-1.0617551333395547
-0.06261232696394126
-1.0
-4.0
5.0
0.0
0.0
-3.0
-1.0882879416577955
2.053023276380725
4.765096191645861
-4.957808919772735
1.251763637712982
1.1143830987880259
5.395345513296519
5.018247883194152
1.0
1.0
-1.0
2.0
4.0
2.0864743059650097
-0.46128384625987734
-0.280378242316896
-2.285634523473781
4.7326631491086895
4.109834739700387
-0.598865447352217
1.5852382702048415
1.1811626819209713
4.950536103162651
5.0
-2.0
-5.0
-1.0222331625518564
0.17768574979979818
-2.559522869117247
3.760542423564982
1.7997737397260325
2.4330476703739317
-4.915308196587493
4.211032540656027
-3.1182936549462625
1.250780231164661
-3.0028817836828265
3.0
0.0
1.0
-3.000000000045412
-1.759427007618402
2.507566804336688
-2.9736426551147637
0.2803155310987702
-3.671239950941866
4.426787135267039
2.210419216043899
-4.0911084831093
0.9239442212914883
1.0000000001604903
-1.0
-4.0
1.0
3.0103385864761982
3.29951282518505
2.494410549327202
-0.37079191933065087
-4.906894015545798
2.4898869849036713
-3.376072881543895
4.240568770555541
-0.7080482272097047
-4.26902673414244
3.0380215145044627
-2.0
0.0
0.0
1.0103385864609882
-2.5816975120572305
0.5572914512869158
-0.7359593304536072
-0.45889219458589564
0.5871469946479222
3.8303756761367747
-1.151784848772559
-4.2367987550060615
1.9313861477289016
1.9413747086920865
-1.9999999998395097
-4.0
-4.0
2.0103385864761982
5.640590903802932
-4.759738412778793
-3.296867093367282
-1.8285077445547673
-2.051391799577345
3.3977292125382297
-4.044841434933881
0.9652891929486667
1.1327646212223028
2.0236243444729767
2.023503122086614
4.0
-3.0
1.0103385864609882
-1.7519602093760271
-1.1409892459354212
2.3697847866722936
-1.4334856438909518
-2.44794636271682
-1.9992708519535043
-0.4450437476821857
1.1708820441203367
0.9929743036549805
-4.958423583058654
5.023503122078473
2.0
-3.0
-1.9896614135390118
-2.8567119909551035
4.387892028306474
-4.15838233515175
2.2298601063033825
4.295539604502795
4.1181634394403135
2.647672684532157
-1.3011452879719965
1.739185158262858
-3.0514298209229396
-1.1037266239812311
3.0
1.0
-2.0
3.023635475117488
-2.901393342906203
0.5799706076800859
-4.704023839788935
4.830211777058298
1.6276678970630987
3.058146196031812
-2.824215538232567
-4.948640289609779
-4.048066104432906
3.0
-3.0
-2.0
-2.0
-4.938637006873176
-0.933630861690423
4.141598564659517
0.22489276351903614
2.5176795712810547
4.69290620528796
-4.046964316782404
-2.970341563958825
-2.0
5.0
2.0
-4.0
1.0
-1.0
-2.0
-1.998650454899367
-1.0686845579380644
0.9415514871884234
2.9415514871864983
5.011585590161957
5.010236045061358
2.0
0.0
4.0
3.0
-5.0
0.061842916226991285
1.0
1.0
-2.0
1.0
4.0
-5.0
-5.0
4.0
-1.0
5.0
1.0
2.0
-2.0
0.0
2.0
-1.0
1.0
0.0
-3.0008314052763456
-3.0324886093389853
4.005491880872294
-2.5402690055575623
-2.7292048032389697
1.5391440277658206
0.38435199308451695
2.0
2.0
-4.0
-2.0
4.0
3.0
-2.6960962035113547
-4.444764465158441
2.959075454599787
5.468870930589384
1.329032418858317
-4.867440228017417
5.069859513055524
-4.850843418041344
0.0
0.0
-3.0
5.0
5.000000001533942
-1.9029745670025071
2.9224132178522377
1.2682412116942687
4.760205765633154
2.0612816048199387
4.193153492548105
3.4751891636100813
-2.477729656014708
0.4373476153434196
-4.48904229737139
2.0671050938451154
3.0
3.0000000015511534
-3.9999999984488466
-1.0084398627469833
-3.6157085671848272
-1.173678917631912
-3.4326056356700345
-4.464357185754119
2.153727222058532
2.4143808064367045
-0.3286319106061673
0.9358601409213965
2.999990366984263
5.0
-2.0
-2.0
4.0
2.590032450999295
-1.1869727750535048
0.8435035217364089
-3.0907680402487445
0.050923854611442054
-1.27205473966869
1.1145663718865089
-4.034771854535724
5.096803441088313
-0.21599058995992515
1.0
-5.0
5.0
4.0
3.478748546173323
3.3823982374529233
1.633008431323823
-3.99676289369725
3.273184319255014
2.631872186525375
0.5793112202517121
2.942691749091755
0.19319510642307303
4.784009409962316
-3.0
-5.0
-1.0
3.865343671943209
-1.4152145269059888
-5.011388829208167
-2.1518753303439127
5.110308330654396
-0.6866967902757768
5.377196749749479
4.166908336135302
0.2876605882590607
5.380047782909983
2.7399496246272173
2.0
0.0
2.0
-2.134656328056791
-2.4942109535674852
4.126349231642656
-2.050866783548947
3.9417953204368126
2.542291219244726
1.9642946764651312
1.5199785322943398
3.300920469296962
5.360243253695122
-5.230967064500639
4.0
-2.0
-2.0
2.0
-3.2564377705003413
2.3393160480849993
-3.256091224883898
-5.342879063439857
-2.1043654191955294
5.0373025078765465
2.271769829782916
-4.2630631437369555
-0.30952584177016185
0.8045974514720629
-2.0
2.0
-1.0
-1.0
-3.9655082214575716
-4.266078943192737
-1.4697911365833791
-5.533061904481159
-2.7655325212959982
1.5023894519408971
3.2821485442191323
-3.0183476448244826
-3.873306641372805
-5.349271420982163
0.7325096248643499
5.0
4.0
0.0
1.94564466794142
1.644196240379931
-0.07692200486390932
0.31643457069695524
-4.726159756227117
1.5600627309333701
-0.2839311689308806
-0.9860015982102752
1.8467544918204002
5.0
-3.0
4.0
-5.0
-2.0
5.0
-6.341201236026439e-05
0.8233052116040149
3.936602720734099
5.23491994153953
-0.20852481732677236
-1.8758464080481705
-5.044059785329042
-4.0
2.0
5.0
5.0
0.0
-4.0
2.0
5.0
1.0
5.021317874899607
5.052076699526003
-4.044059785329042
2.0
5.0
-1.0
4.0
2.0
5.0
4.018541435317176
4.0
-1.0
5.0
4.0
2.0
-5.0
-1.0
5.0368889770180045
-2.9631110230017894
5.0368889770180045
3.0368889769982106
2.0
2.0
-3.0
-1.0
-2.0
5.0368889770180045
-4.9631110229819955
-0.5697050018853671
-1.9496799201731974
-1.8270072601899505
-1.7414797383398617
3.126634236949374
4.152828931447415
-1.2024733844865798
1.1191579826603544
4.0
3.0
5.0
-4.0
1.977462018661154
-3.724435873691947
2.4786866218696924
-2.0429076148865004
1.0460907843954197
-5.902360997971254
4.6545919914417375
-3.4226238009402277
0.7412695071690298
5.058949416577491
4.0
-3.0
2.0
-2.0
-2.2304168758903797
-0.7696794435039571
0.7483533007777319
3.0690023087292597
-0.8949805691374813
2.893798028114504
-0.5600649653586967
-0.9580768152031474
5.513651872710837
1.6095731025293012
-4.882964171910898
-4.0
5.0
-0.08566957774925044
-1.2270494563934147
5.176282485237899
2.144532960794564
3.829935257532753
-2.9886704693603443
-2.684204766034087
-1.0933523511909389
-1.3893712438527706
2.8983840668436844
-3.4652457413121613
4.0
4.0
3.0
0.9056593061600657
3.7658563913614156
4.250975028991116
4.375619728908924
-2.3290923869077322
2.1180175645640507
-4.931505472489088
-3.7887075540522925
-2.187979757202239
-5.243659138059179
5.594865208979249
-2.0
3.0
-2.0
2.0
2.8376784040288854
1.984437773957064
3.068233639239005
-3.456462130702296
0.9016105452598286
3.4521993866788403
0.22039984256475403
-2.2663332989433855
-4.155863704895689
2.662185336727807
-2.563900864889484
3.0
-4.0
-2.0
2.967633225837071
4.782001990110248
-1.8143574714000232
-5.242682502379926
-4.287998600583009
-2.4741111299450336
-5.572252684201862
-2.591002993848316
-0.1451004589918335
5.329582457933372
-3.6202921434526223
0.0
-5.0
-3.0
-0.830658489672973
1.253597849645245
1.0511162108718524
-5.67286426307295
0.7429230742387136
4.116315791001359
2.152046249200616
1.218425354416905
1.2848253913231293
3.6268310582184733
0.9164184842996846
3.0
3.0
-1.0
1.952291127600374
-0.4556226098468707
0.11973424828405
-3.1092244838577434
2.7524581667552654
4.075739316332711
1.8558609598179308
-1.518269204710652
1.9265867868338384
-3.8265056601332823
4.000000000446629
-4.0
-4.0
1.0
2.9121539420994247
-1.7393134258546035
-4.853531450822052
-4.908283680447661
-1.0226136029311714
4.425655176985188
0.10131703028318972
2.308255631571701
-5.454747650718538
2.697018327053728
2.999999926792629
-5.0
0.0
4.0
5.207558330649476
0.1008826030903337
-3.753689925335484
-0.9489437922767103
-4.917549974471569
3.02450536483442
3.359942096658635
-3.1649156398238762
3.492466028592803
-4.144657995351824
-5.0
1.0
0.0
2.0
1.0149200124902027
4.8390567005606355
2.183755040473132
-3.490068460232449
-5.706490062347806
4.487639303791696
-2.9958202515131354
0.9624296704974329
2.0
2.0
3.0
0.0
2.0
-1.0
3.043123629416365
-4.0
1.081104650160781
2.8726432308398033
-0.07892500121080431
-4.0
-0.8516511125474961
4.0
0.0
-2.0
-1.0
5.0
-0.9138826061271268
5.0
4.0
4.0
4.0
-1.0
-1.0
-5.0
-2.881340690262646
-2.881340690262646
-0.881340690277659
-1.881340690277845
-2.0
-5.0
-2.0
3.0
4.0
4.118659309710382
1.6531050182883407
0.402136411847898
0.28870873081569864
2.900220717666036
1.3336790004995986
2.3792939952455248
1.4896908705099166
-0.7078995302214355
2.0
1.0
3.0
-1.0
1.0
-2.0
-2.1421946158430645
-0.7255172177935436
-2.5117705135922885
-2.3862039049335446
-0.9768836902385929
0.38943618119715506
-3.058869675867311
1.2366602367206248
-2.893027693150707
2.0
1.0
2.0
3.0
3.218529298027875
0.8473782007252721
-0.13069682145414646
0.024143699122896156
-1.1497350227476253
-1.8509153692758589
0.120699944094045
4.0391332449554085
5.587808165141902
-1.7134938814234615
5.0
0.0
-4.0
2.4124672430433707
-1.330460636378787
1.9484458102899698
2.110515660371026
3.753383787680564
-4.3854789915621115
2.247004903162184
0.06363778599255587
1.8310395940736597
-0.09005248602746502
-2.76129771365149
2.0
-4.0
4.0
1.642194054162697
0.8141158692266197
2.1994860792854554
-2.9633622358906013
2.8913945485978014
-4.52039197633386
0.9829512966063025
-2.1470766453585437
-2.7423087530013164
1.0760930150550347
-3.4070492528633562
-3.0
-1.0
3.0
-4.922194106427825
-4.057448823133007
-0.4490436436636524
-2.6446852441034006
-4.241035731425571
-4.938903336143959
-2.9247774019516175
-4.143129833947814
4.2052922411241465
3.292476347195518
2.0884211561899155
-0.9496754308037444
-3.0
4.0
3.077805893565269
2.3924729492961636
1.2514126529896565
2.666674058750088
-3.5224469694047382
1.7891141614584738
-3.0327801922786697
2.051314817912995
2.725934568476341
2.9276362017826236
-3.7518658368473954
1.050324569196711
4.0
0.0
5.077805893572175
-3.3240618109193534
2.8862262128784946
-2.1916472705721377
-1.4718514098882038
-2.0871851438147386
-3.255429826753473
5.2033802141723555
-2.191904177095273
3.1918282010132946
-2.3654572766487307
-0.0021301914206148798
0.0
2.0
1.0778058935652612
-5.349607705530937
-2.0318984618193334
-0.9872657814540928
5.4738258719639665
6.104904503012115
1.6549575667335406
3.913536670885422
-0.2823167638441815
3.100121377154835
3.581685404793735
3.9978698085797455
-4.0
5.0
1.0778058935652612
-1.9773149583167617
2.847352613218792
-2.503716089297623
4.4776746032165144
1.0932735972661343
4.499579215122623
6.853656361731462
-1.1186580883094206
3.4512731619291848
-2.5604305907430933
4.0
-2.0
-1.0
-3.0
3.5914241419982127
-2.0415375535688023
-6.8318926120957
-0.011654768599037857
1.8937286919079774
3.6922206154072517
-3.1839689118753434
0.22478121947681767
-2.3897584804965857
1.0459045271124672
4.0
-1.0
0.0
-3.0
5.0
-5.016416141879044
-5.7958072983157525
-2.60130816676247
3.560427366987617
1.433058936359894
-4.2314586738394695
4.329906355820671
2.864515608797027
0.0
3.0
-4.0
5.0
3.0
-3.0
0.0
-4.0
-1.76991779498427
2.076428770321705
-4.135530969802273
3.0078638509460007
-0.9763064332176069
-4.0
-1.0
-1.0
-5.0
3.144796552899329
-5.0
-4.0
-5.0
0.0
1.0
-1.0
-4.0
5.0
4.0
4.0
-4.0
5.0
1.0
1.0
2.0
-1.0
3.0
2.892256416834905
-2.1252416357475394
-3.010309649641899
-5.043707657366723
-1.2637479161023832
2.725973649561088
4.3263133819845425
-1.7120469138113956
-4.0
5.0
-5.0
0.0
-3.0
-3.9999999894596394
-5.301588367756138
4.259052292283879
1.2606677812797935
3.3095095438549245
3.5487827198070536
-0.49142441915488094
-4.900198743056789
3.1652323969301968
-1.8390699308703848
3.0
-3.0
0.0
5.090734273826947
0.17973509342070082
-2.631601217314054
1.1857651816365495
-3.249585197189853
6.210805430566285
2.9886287125507773
2.9527330670156133
2.342132069377592
-0.7863942979638003
-0.8855897698666908
3.0
2.0
5.090734273826947
1.0907342738356902
-2.909004704138937
-1.6595175150632588
-4.258259445499678
0.6994687421840009
-4.647271314882538
3.618337962390155
1.1221564252556864
-2.7439803315570432
2.614634001320734
2.8462121277267367
-5.000370881222112
-2.0
3.0
2.999999961267058
-0.4686239952910843
-0.5946956072395171
2.792941459707183
0.17640314419519437
3.016075870149877
2.1536857459912944
-0.48825937253445956
-2.243391889766909
-4.220908537978131
0.7321401930429203
-2.0003708812188137
-1.0
5.0
-5.0
1.6905474381106216
-0.7226464013001432
2.386757903027601
-4.967106495261597
4.309588302958005
5.158128533507102
-1.7628108748952993
0.8781526801756436
-3.201868541860503
-4.753131919525975
-3.000370928220079
-1.0
3.0
-5.0
-2.1610530672448554
5.211278099146642
-4.77387899183605
-2.0684844906591695
-1.8379146860340412
-1.7122416260806985
-3.471425624466422
-3.235998191102518
0.04042253673971463
-1.6843716383465694
0.18530769914803846
-5.0
2.0
-2.0
-5.186011450527035
-2.559608697434929
3.387701448910297
-1.4929633587985793
-2.279158281672861
-3.338083079483547
-3.496661918310914
-2.007382168299601
4.113538952808764
3.354692360129424
-1.8146922538516204
-5.0
0.0
5.0
0.9872401785157954
3.1310464258305055
0.9730451173224695
1.6734160420385087
3.601183975967419
4.236836509447054
5.053046828458666
3.547544469407259
2.505605273189009
4.003709444623555
-4.017332749186508
-1.0
-2.0
-2.0
3.090746387118183
0.29917519878543025
-2.2352875841514632
1.4882335027097824
1.132178638534771
-4.665909396568497
-1.109149020288882
-3.2414322078593285
-3.9497016503722446
-2.8146922540216854
1.0
-5.0
5.0
-1.0
-1.902576723654755
2.0258605910332887
-3.100299002501656
-1.087809258321352
5.855353684671489
-3.8450064306329024
-2.8277416291205486
1.4639317958239364
-2.0351264008898458
0.9648735994774915
-3.0
1.0
-4.0
-1.0
-4.999999999459578
-4.779993769126499
2.1033285120886305
-2.1725152152411167
-3.7212727183200944
-2.054581308031771
-4.7200628018991475
4.999999999830264
5.0
-4.0
-3.0
3.0
5.0
-4.0
-3.999999999457631
-2.0
1.0
0.8581412201851647
-5.0000000003316645
-4.000000000169736
-0.08988089480849903
-1.0
0.0
-3.0
3.0
0.0
5.043887745366235
-1.0335914965995237
-2.943511812289607
5.253866248627908
11.760208934544238
-2.8483572288142587
-1.2718046890555805
-5.889245355299198
-11.557579383747273
2.3459085322026167
15.267779444029621
-2.6248200998032734
-3.8106683966890174
-11.498387019796548
-6.223393234191041
-2.1004288550221473
8.476015633203605
3.5680120186675133
-13.461269910089118
6.268500782286927
-8.748208888766792
5.144443581675853
0.8550984819518175
4.642844614475298
-0.4472212258929034
15.500029963634276
2.245796393839107
7.403883212274092
1.302610024481805
-14.684900742112259
-15.63417239562171
5.634057591587361
0.9347861376600715
6.480000443613329
8.698914021986788
-0.1460637350255931
-7.828935250541263
6.242837538327049
-0.4938116789546596
1.600403551159732
11.657893301307206
0.33563900057250823
11.605741057360214
-6.807165659813998
-7.906901850752038
10.344521949311885
9.463956700335661
3.939569513321162
2.8253751986615088
-19.592710667208717
4.018738093431266
3.1663006817568466
4.8057657700082075
-0.2687434292061334
-14.696585318271701
-6.722590289213355
-18.71468430819686
-5.006802456118864
6.171988225018394
-0.9018096892459708
7.707561146491652
-8.884692777312486
-3.374695195305253
-3.7861196781899302
-0.6132766162348506
5.627904260477841
10.700498070593774
2.011099241976115
3.619731548357101
7.47970704813735
-2.734573401563503
0.6981518330515586
-9.678915875515273
1.3820587641855342
4.579016041684577
-1.7911970565777455
14.276599108922895
7.455226676791642
-3.0171373294540063
10.209110307708743
-1.9911031787289328
3.3301342340281166
5.898473010945989
-10.029772712046858
5.528572672237727
-1.0654461921788063
5.088288912058706
-4.492624565470096
-15.005043916608455
-8.020967341359828
1.7997943925973234
-4.009812583321948
3.706962232900997
6.761817321674154
-7.200685241826247
-7.603506389871393
-7.77165919175399
-2.3466149507210434
6.127014232940917
12.154606797052216
8.857596428085348
8.19440125799819
-4.67286291574964
-2.8724541496568126
1.081106620124482
3.459680403868799
-10.168345491162448
-5.4995694984340835
6.4378929984437345
6.2921257957609935
5.406010249391793
-13.652534693256403
-2.310475234645879
-0.7770799385059515
-0.32766598204459024
-12.847294460056059
0.6096731083529578
-4.7958372288490425
12.921074273728001
4.451670083140052
-5.825468611991232
-1.469693100334799
14.55158461703952
-3.538379107218696
-11.681224375754393
9.73987028572599
1.4886532476476977
-8.842667293440252
-15.11966168957929
-2.9376174372440182
1.8430516792146996
12.677253907166643
-1.3422340148716938
0.8257030898897428
0.4247873595279277
-0.8259766618819069
0.3708529604631921
13.615548029698335
-1.2628118257714136
-18.420045436438258
-5.21271187749239
-8.059495936006513
-4.9362677761481955
7.123754488155491
-6.192934609297385
15.661730715676557
-0.6346509032183403
-5.6678091229964815
-5.118388821405075
6.292215971400073
-1.3925001715006555
6.305048972125804
-7.231833386487931
-2.124629187381121
-14.362612150268216
0.7103265993781058
2.51361991195608
14.100270613516889
-15.920271247861223
-10.831277270565826
2.4938780335122686
-0.6750300540897978
-5.018593490318174
-0.9138773932455013
-5.45037303634549
1.4603204681105555
-2.4194410145923606
17.808049847232656
15.641600352626245
-2.5961780206387006
1.7856045432048981
-14.975839136621387
2.1363156839663513
3.9322650606325733
7.173992175674968
7.605847609809893
-1.9385121453217944
-4.824797476896496
9.995991364903055
-6.401222676587414
5.162432836392676
-0.6506893974035532
5.397659527449099
-6.959873127853883
-0.5708612833501481
2.991875256912744
4.572399861920467
0.562892243201405
13.799062504058835
-13.86333397243984
3.9165770094833605
7.685598742586847
16.451223645245907
-10.988092178615068
-2.354831623833579
-12.867093625472696
-15.23268686036091
-1.334335043517068
3.991153041428028
7.435865886966862
6.107532154238586
-12.169417524781045
-5.168112979112917
8.321788568803527
-4.575318123773941
-9.940687747149473
5.727885085636388
-3.525756213721938
-2.7152280838904037
12.198578946283739
4.362008472318793
-6.554357756484005
3.2005189144025223
12.810065477328163
18.64919380312938
6.712873225544383
3.2931421836402315
2.6194598795589616
-15.178308449126018
-2.45595959079258
-2.779433907085685
-2.7780027525643836
-4.631678930430267
1.2202787735918943
6.414485573866256
2.1853338809115197
-20.592886160153306
2.458715237760205
-1.056522451208345
-21.423475922410603
12.940450632406222
-3.571747040653076
7.103648500550566
7.217756509414864
12.283941335506018
1.3422794028331326
-7.0277466281013
-10.55362535208442
-1.8717062544083825
6.252477912655911
-0.7226990466561607
-8.518945756001159
-6.542710243188375
17.95606913672896
-1.2823760960043376
-0.1035886720941272
-4.09122149153464
3.1325167957599582
0.9634073483293836
-2.2281007318188815
-6.5474791332558535
7.442812865424819
-3.6686630121487642
3.1332808526043587
-16.893596463295736
-1.5308347173633265
-5.828199410904187
3.219356480977983
7.695210668508534
10.335163292591524
6.887230599446353
-14.116520404421923
3.513331482797569
-7.860937110613904
-6.827000404024094
-2.214890829552663
-3.6852224371042746
3.0790689115180996
0.05568333454488039
-3.0875254293764365
11.711328489249214
-4.748156221182286
-6.970158396297734
-9.703225471874525
1.343659062636898
-1.1506166340581552
0.26474795144648233
-4.078964554907459
6.53098298684716
19.30446172075891
21.101821278647122
-14.902995738002963
6.727943184592607
0.8083019384500776
-26.87759141366152
-22.527689663260826
-12.679367522765626
-12.779075231095495
-1.0117987222741465
-12.017819155009915
3.1436542482985064
19.86238753818209
4.940801029719952
-6.289932420134852
4.278790535365357
-6.175209989138654
2.2604284623437674
-14.590712249980816
-1.0346479403488988
-15.48082781477556
-5.6662847330977835
-5.203619444026685
-1.5691604470822833
-9.189168615002925
-3.822724621036724
-15.293549558009872
-3.47102573167968
12.75915840809878
11.61665660881141
-16.49804234937307
-5.00152444439891
-11.787269963015303
-20.466124376113907
-11.371594446259273
-1.605764847651069
-11.83743697442829
10.591081776451741
13.606001053998037
-26.625652799941378
20.12148893173324
4.2749124357540795
-14.95394957226101
2.8119838150604584
-16.412738131628892
7.023780202017375
-10.003257312930002
3.4704393569983734
-18.301190736020917
3.3717231512026284
-2.9735976806054008
4.3123386579818215
0.4418358373394866
-17.916716440117582
-26.70668102733472
-1.0818558117507173
21.47614117602652
2.2875348668669586
-15.052946274983796
-9.682856326893265
-3.618198631784575
-6.778446257484678
-6.190340174381997
-18.577967092927413
-17.159568518872376
21.728932006860525
-1.0819864877651453
9.096085771257973
-13.456950747385521
-10.601596611200609
15.662369657479191
8.247317928241978
-20.67385362763545
-14.712485316353469
-15.577140492880666
16.96948631385198
-4.487382970190002
-1.6342949345394704
-13.422144172296798
-15.026732872792815
-7.136646762618793
9.119318242718869
-13.355917828352673
3.1297026779374177
4.572007532024145
-9.990913634692394
-7.567076361513391
-17.36800617050459
9.863037800342376
6.734550747109866
5.531784174604686
-16.02036773322746
-10.060796937517027
-3.7812446643576747
13.29075582562864
-12.14609875559171
9.615892526044195
-11.022777287594122
0.37809398824751433
3.1930736150822736
-13.357978935889163
-8.20793427451995
-0.08160981210160245
10.140297366780253
-3.327556458280247
5.259717092581809
-5.776489722490809
9.786248194077215
-19.437689271381974
7.052363749110749
-22.03995537793399
3.0973664112471537
-9.63953371737599
-13.517268326835488
6.479497225677386
-9.878970902192536
10.934911319326133
4.0378352161689195
13.96521150367848
-4.061390795908496
-19.05375752017307
19.094320945627057
-8.603048888045247
-3.0188068540206814
-9.36501550387853
3.8934928937617355
-33.195889964276844
4.436754020914412
-9.395804970189083
-12.943481968423896
-14.56111418187232
-19.39202673633702
13.606171920320698
-5.981303103445441
7.32752348889068
-15.120797635327767
-8.382204121493814
3.9101326886916805
1.4284839085250804
-22.431550735682823
-12.018134016998262
-8.889070089287191
6.419995975325137
18.615468913213856
2.4274062064673982
-11.698841426947013
-8.662646249912665
3.430841678126239
-13.567831293538475
-19.89243972533823
-7.926207036123792
-23.496484295931612
-7.224127145698474
-17.50348541235312
-5.453210322381713
2.3826071774857343
-5.336040659960223
-5.613581362121685
17.49333349251699
1.7413042630542033
-6.645856001292535
16.63877544148857
19.076735992924757
-8.722340500132635